[gd_scene load_steps=8 format=3 uid="uid://bnapxx2qd8dpu"]

[ext_resource type="Script" path="res://Camera3DRaycast.gd" id="1_mh6lp"]
[ext_resource type="MeshLibrary" uid="uid://bntnsmigfu7kl" path="res://library.tres" id="1_of3ux"]
[ext_resource type="Script" path="res://GridMapModify.gd" id="3_vyxxg"]
[ext_resource type="PackedScene" uid="uid://ng2vtnj0sau5" path="res://ground.blend" id="4_5jw8u"]
[ext_resource type="PackedScene" uid="uid://ctawanrj6ctl1" path="res://selector.blend" id="5_ldmuq"]
[ext_resource type="Script" path="res://selector.gd" id="6_2kr1a"]

[sub_resource type="BoxShape3D" id="BoxShape3D_53h3g"]
size = Vector3(20, 1, 20)

[node name="Node3D" type="Node3D"]
transform = Transform3D(1, 0, 0, 0, 1, 0, 0, 0, 1, 0.0289803, -0.11311, 0.0166359)

[node name="Camera3D" type="Camera3D" parent="."]
transform = Transform3D(0.707107, 0.353553, -0.612372, 0, 0.866025, 0.5, 0.707107, -0.353553, 0.612372, -0.7, 9.21, 19.64)
projection = 1
size = 25.839
script = ExtResource("1_mh6lp")

[node name="Grids" type="Node3D" parent="."]

[node name="1" type="GridMap" parent="Grids"]
mesh_library = ExtResource("1_of3ux")
data = {
"cells": PackedInt32Array(1, 8, 1179652, 2, 8, 524292, 3, 8, 1, 4, 8, 655362, 5, 8, 1, 6, 8, 1, 7, 8, 524290, 8, 8, 1, 9, 8, 131076, 9, 9, 655364, 8, 9, 655361, 7, 9, 655361, 6, 9, 655361, 5, 9, 655361, 4, 9, 655361, 3, 9, 655361, 2, 9, 655361, 1, 9, 655361, 4, 7, 1245185, 4, 6, 1245185, 4, 5, 1245185, 4, 4, 1507332, 7, 7, 1310721, 7, 6, 1310721, 7, 5, 1310722, 7, 4, 1310721, 7, 3, 1310721, 7, 2, 1441794, 7, 1, 1310722, 7, 0, 1179648, 6, 2, 393216, 8, 1, 786432, 8, 5, 786432, 0, 9, 393216, 0, 8, 393216, 2, 7, 1310721, 2, 6, 1310721, 2, 5, 1310721, 2, 4, 1310721, 2, 3, 1310721, 1, 7, 1310721, 1, 6, 1310721, 1, 5, 1310721, 1, 4, 1310721, 2, 2, 1310724, 3, 2, 131073, 4, 2, 131073, 5, 2, 1179652, 5, 1, 1179650, 5, 0, 1441796, 1, 0, 1, 1, 3, 131076, 0, 3, 524292, 0, 2, 1376260, 65536, 2, 589825, 131072, 2, 589825, 196608, 2, 589825, 262144, 2, 589825, 327680, 2, 589825, 4, 1, 1, 3, 1, 655360, 2, 1, 3, 1, 1, 0, 0, 1, 1048580, 0, 0, 4, 2, 0, 1, 3, 0, 1, 4, 0, 1, 6, 4, 1441795)
}
script = ExtResource("3_vyxxg")
metadata/_editor_floor_ = Vector3(0, 0, 0)

[node name="ground" parent="Grids/1" instance=ExtResource("4_5jw8u")]
transform = Transform3D(1, 0, 0, 0, 1, 0, 0, 0, 1, 9.91782, -0.135027, 9.99552)

[node name="StaticBody3D" type="StaticBody3D" parent="Grids/1/ground"]

[node name="CollisionShape3D" type="CollisionShape3D" parent="Grids/1/ground/StaticBody3D"]
transform = Transform3D(1, 0, 0, 0, 1, 0, 0, 0, 1, 0, -0.5, 0)
shape = SubResource("BoxShape3D_53h3g")

[node name="lights" type="Node" parent="."]

[node name="DirectionalLight3D2" type="DirectionalLight3D" parent="lights"]
transform = Transform3D(1, 0, 0, 0, 1, 0, 0, 0, 1, 28.4686, -0.11311, -0.82694)
light_color = Color(1, 0.538616, 0.708084, 1)
light_energy = 0.4
shadow_enabled = true
shadow_opacity = 0.95

[node name="DirectionalLight3D" type="DirectionalLight3D" parent="lights"]
transform = Transform3D(0.600582, 0.743871, 0.293186, 0.162784, -0.472759, 0.866026, 0.782817, -0.472393, -0.405021, 25.4874, -0.11311, -1.45612)
light_color = Color(0.644375, 0.736789, 0.414118, 1)
light_energy = 0.4
shadow_enabled = true
shadow_opacity = 0.95

[node name="DirectionalLight3D5" type="DirectionalLight3D" parent="lights"]
transform = Transform3D(0.301242, 0.945899, -0.120534, -0.35218, 0.227836, 0.907777, 0.886128, -0.231011, 0.401761, 22.5756, 0.149569, -0.942911)
light_color = Color(0.477381, 0.787837, 0.866659, 1)
light_energy = 0.4
shadow_enabled = true
shadow_opacity = 0.95

[node name="DirectionalLight3D3" type="DirectionalLight3D" parent="lights"]
transform = Transform3D(-0.510962, -0.60693, 0.608732, 0.270542, -0.785711, -0.556296, 0.81592, -0.119558, 0.565668, 23.1819, -0.11311, -3.52324)
light_color = Color(0.866323, 0.695207, 0.243233, 1)
light_energy = 0.4
shadow_enabled = true
shadow_opacity = 0.95

[node name="DirectionalLight3D6" type="DirectionalLight3D" parent="lights"]
transform = Transform3D(0.726577, -0.341437, -0.596244, 0.342679, 0.932232, -0.116254, 0.595532, -0.119853, 0.794341, 27.6649, 0.101689, -2.62804)
light_color = Color(1, 0.637881, 0.484619, 1)
light_energy = 0.4
shadow_enabled = true
shadow_opacity = 0.95

[node name="DirectionalLight3D7" type="DirectionalLight3D" parent="lights"]
transform = Transform3D(-0.10369, 0.792937, 0.600417, 0.991888, 0.127064, 0.00349059, -0.0735234, 0.595908, -0.79968, 26.0333, 0.00182724, 1.60291)
light_color = Color(0.618992, 0.703612, 1, 1)
light_energy = 0.4
shadow_enabled = true
shadow_opacity = 0.95

[node name="DirectionalLight3D8" type="DirectionalLight3D" parent="lights"]
transform = Transform3D(0.622642, 0.540571, -0.565774, 0.770661, -0.298288, 0.563121, 0.135644, -0.786643, -0.602324, 25.9755, 0.0472174, -4.06308)
light_color = Color(0.8476, 0.633197, 0.971399, 1)
light_energy = 0.4
shadow_enabled = true
shadow_opacity = 0.95

[node name="DirectionalLight3D4" type="DirectionalLight3D" parent="lights"]
transform = Transform3D(-0.929119, 0.188454, 0.318154, -0.179693, 0.521867, -0.833886, -0.323184, -0.83195, -0.451012, 23.751, -0.0839672, 1.32344)
light_color = Color(0.413096, 0.823102, 0.728515, 1)
light_energy = 0.4
shadow_enabled = true
shadow_opacity = 0.95

[node name="selector" parent="." instance=ExtResource("5_ldmuq")]
transform = Transform3D(1, 0, 0, 0, 1, 0, 0, 0, 1, 5.68302, 0.11311, -4.98854)
script = ExtResource("6_2kr1a")
