[gd_scene load_steps=6 format=3 uid="uid://bnapxx2qd8dpu"]

[ext_resource type="Script" path="res://scripts/Camera3DRaycast.gd" id="1_mh6lp"]
[ext_resource type="Script" path="res://scripts/GridsMover.gd" id="2_dnmq8"]
[ext_resource type="PackedScene" uid="uid://bexph3ihiwfa4" path="res://grid.tscn" id="2_tb23a"]
[ext_resource type="PackedScene" uid="uid://ctawanrj6ctl1" path="res://selector.blend" id="5_ldmuq"]
[ext_resource type="Script" path="res://scripts/selector.gd" id="6_2kr1a"]

[node name="Node3D" type="Node3D"]
transform = Transform3D(1, 0, 0, 0, 1, 0, 0, 0, 1, 0.0289803, -0.11311, 0.0166359)

[node name="Camera3D" type="Camera3D" parent="."]
transform = Transform3D(0.707107, 0.353553, -0.612373, 0, 0.866026, 0.5, 0.707107, -0.353553, 0.612373, -10.473, 19.593, 29.759)
projection = 1
size = 25.839
script = ExtResource("1_mh6lp")

[node name="Grids" type="Node3D" parent="."]
script = ExtResource("2_dnmq8")

[node name="0" parent="Grids" instance=ExtResource("2_tb23a")]

[node name="1" parent="Grids" instance=ExtResource("2_tb23a")]
transform = Transform3D(1, 0, 0, 0, 1, 0, 0, 0, 1, 0, 2, 0)

[node name="2" parent="Grids" instance=ExtResource("2_tb23a")]
transform = Transform3D(1, 0, 0, 0, 1, 0, 0, 0, 1, 0, 4, 0)

[node name="3" parent="Grids" instance=ExtResource("2_tb23a")]
transform = Transform3D(1, 0, 0, 0, 1, 0, 0, 0, 1, 0, 7, 0)

[node name="lights" type="Node" parent="."]

[node name="DirectionalLight3D2" type="DirectionalLight3D" parent="lights"]
transform = Transform3D(1, 0, 0, 0, 1, 0, 0, 0, 1, 28.4686, -0.11311, -0.82694)
light_color = Color(1, 0.538616, 0.708084, 1)
light_energy = 0.4
shadow_enabled = true
shadow_opacity = 0.95

[node name="DirectionalLight3D" type="DirectionalLight3D" parent="lights"]
transform = Transform3D(0.600582, 0.743871, 0.293186, 0.162784, -0.472759, 0.866026, 0.782817, -0.472393, -0.405021, 25.4874, -0.11311, -1.45612)
light_color = Color(0.644375, 0.736789, 0.414118, 1)
light_energy = 0.4
shadow_enabled = true
shadow_opacity = 0.95

[node name="DirectionalLight3D5" type="DirectionalLight3D" parent="lights"]
transform = Transform3D(0.301242, 0.945899, -0.120534, -0.35218, 0.227836, 0.907777, 0.886128, -0.231011, 0.401761, 22.5756, 0.149569, -0.942911)
light_color = Color(0.477381, 0.787837, 0.866659, 1)
light_energy = 0.4
shadow_enabled = true
shadow_opacity = 0.95

[node name="DirectionalLight3D3" type="DirectionalLight3D" parent="lights"]
transform = Transform3D(-0.510962, -0.60693, 0.608732, 0.270542, -0.785711, -0.556296, 0.81592, -0.119558, 0.565668, 23.1819, -0.11311, -3.52324)
light_color = Color(0.866323, 0.695207, 0.243233, 1)
light_energy = 0.4
shadow_enabled = true
shadow_opacity = 0.95

[node name="DirectionalLight3D6" type="DirectionalLight3D" parent="lights"]
transform = Transform3D(0.726577, -0.341437, -0.596244, 0.342679, 0.932232, -0.116254, 0.595532, -0.119853, 0.794341, 27.6649, 0.101689, -2.62804)
light_color = Color(1, 0.637881, 0.484619, 1)
light_energy = 0.4
shadow_enabled = true
shadow_opacity = 0.95

[node name="DirectionalLight3D7" type="DirectionalLight3D" parent="lights"]
transform = Transform3D(-0.10369, 0.792937, 0.600417, 0.991888, 0.127064, 0.00349059, -0.0735234, 0.595908, -0.79968, 26.0333, 0.00182724, 1.60291)
light_color = Color(0.618992, 0.703612, 1, 1)
light_energy = 0.4
shadow_enabled = true
shadow_opacity = 0.95

[node name="DirectionalLight3D8" type="DirectionalLight3D" parent="lights"]
transform = Transform3D(0.622642, 0.540571, -0.565774, 0.770661, -0.298288, 0.563121, 0.135644, -0.786643, -0.602324, 25.9755, 0.0472174, -4.06308)
light_color = Color(0.8476, 0.633197, 0.971399, 1)
light_energy = 0.4
shadow_enabled = true
shadow_opacity = 0.95

[node name="DirectionalLight3D4" type="DirectionalLight3D" parent="lights"]
transform = Transform3D(-0.929119, 0.188454, 0.318154, -0.179693, 0.521867, -0.833886, -0.323184, -0.83195, -0.451012, 23.751, -0.0839672, 1.32344)
light_color = Color(0.413096, 0.823102, 0.728515, 1)
light_energy = 0.4
shadow_enabled = true
shadow_opacity = 0.95

[node name="selector" parent="." instance=ExtResource("5_ldmuq")]
transform = Transform3D(0, 0, 0, 0, 0, 0, 0, 0, 0, 5.68302, 0.11311, -4.98854)
script = ExtResource("6_2kr1a")
